55
67
96
16
45
66
97
64
24
52
24
65
28
64
44
37
72
39
19
19
92
56
53
18
37
82
93
51
49
91
65
11
56
92
22
15
57
19
66
49
67
98
87
29
73
52
84
45
88
18
69
79
57
49
19
14
12
15
25
91
71
73
87
63
12
41
38
74
27
66
11
74
16
21
88
72
24
29
26
45
97
25
93
21
38
87
17
43
47
73
62
27
84
58
86
34
34
58
91
66
89
12
53
43
65
53
65
25
91
42
81
77
98
28
57
82
84
42
14
68
15
98
79
71
27
98
26
99
31
47
66
73
51
14
36
83
84
71
15
14
45
18
77
58
29
44
51
16
45
99
71
43
36
65
63
44
41
98
74
96
36
84
94
64
33
92
83
91
84
21
19
89
88
52
61
57
81
86
79
17
24
67
29
77
61
88
31
68
42
51
32
78
83
63
95
91
57
39
99
48
43
66
24
97
55
71
11
38
26
55
84
59
18
27
53
18
95
33
78
88
84
29
48
74
22
46
13
81
72
95
43
33
75
73
28
66
87
64
69
58
57
21
56
59
83
99
16
29
63
74
78
37
91
19
45
32
68
47
31
23
15
77
31
49
88
99
84
62
64
59
38
98
67
53
56
42
44
35
75
14
68
34
71
37
71
52
94
83
74
65
15
44
76
77
22
33
81
58
42
47
51
68
21
24
15
58
41
79
26
27
96
54
85
75
43
87
89
33
45
79
84
52
99
83
88
18
22
15
61
52
83
11
51
89
88
16
85
57
93
34
73
82
22
15
92
57
34
99
91
85
82
92
35
52
64
18
16
48
31
77
24
15
55
39
85
55
59
39
31
78
74
75
41
49
93
74
82
96
92
92
82
43
94
58
85
92
68
69
33
59
53
59
42
86
66
22
13
73
82
19
12
53
79
13
26
97
88
64
19
38
18
73
99
19
63
52
69
48
28
48
99
36
63
77
87
89
46
87
28
71
54
61
11
49
51
19
98
49
99
49
66
89
69
14
22
27
32
21
62
95
44
85
19
66
87
73
88
92
93
16
56
68
49
57
81
17
21
44
28
69
23
22
37
46
21
92
86
56
19
14
12
69
91
49
82
78
54
18
66
88
84
87
62
44
39
88
76
94
91
62
86
85
96
86
82
51
69
26
16
51
53
61
24
83
71
86
45
35
99
19
26
63
44
49
58
22
66
63
88
59
48
21
98
62
83
18
68
66
16
87
69
47
71
18
87
37
63
74
86
88
14
44
55
15
72
23
12
91
37
65
66
81
19
59
97
44
56
81
86
88
46
11
95
51
99
18
79
39
54
56
52
75
79
44
86
61
66
37
19
43
43
44
64
53
98
58
76
11
48
51
29
18
84
71
84
23
75
17
49
49
28
37
14
22
89
45
79
31
32
68
46
31
95
34
69
41
17
16
91
76
95
69
31
41
79
49
83
41
69
21
82
53
24
32
23
85
96
25
65
69
25
68
21
93
89
54
87
29
55
74
27
92
56
51
92
84
23
75
46
33
46
21
53
34
66
44
17
13
32
57
17
85
28
82
11
56
77
15
36
67
56
72
22
23
15
88
24
24
66
61
79
82
14
75
91
76
57
35
75
94
18
12
76
81
37
87
35
77
95
41
14
14
16
97
59
41
52
65
14
91
37
99
56
56
72
92
37
78
55
63
17
47
11
14
66
26
29
48
85
37
37
28
98
48
32
84
64
33
24
47
28
67
44
49
99
88
19
81
96
81
12
95
99
51
99
92
88
85
49
98
53
89
23
55
27
43
44
99
94
93
17
34
84
53
47
47
77
52
98
74
26
82
33
37
48
96
96
82
41
36
43
75
24
67
12
33
67
24
33
66
76
87
24
82
33
72
12
71
18
78
29
95
26
88
21
94
58
42
27
26
48
71
56
21
11
65
36
93
76
76
36
66
77
24
67
74
24
57
71
77
33
64
24
42
61
41
41
35
55
85
61
43
96
48
79
64
13
11
78
61
81
48
33
59
33
83
32
67
55
71
33
37
26
97
91
55
73
17
96
94
14
37
53
88
53
94
62
68
21
87
89
66
39
98
13
72
52
41
94
53
47
82
38
81
26
35
47
28
22
26
28
74
44
83
15
28
98
66
73
51
34
57
27
23
98
15
97
44
63
87
11
41
24
19
16
55
48
81
68
25
43
51
81
46
84
35
66
49
84
24
28
15
33
94
49
11
76
35
12
51
29
12
66
42
18
92
16
33
49
56
42
32
76
84
72
19
49
23
35
66